8.18532
8.15046
8.25242
8.24801
0.598945
0.610327
8.23089
8.24888
0.610427
8.19846
0.59588
8.23638
0.604213
0.627174
0.608625
0.615093
0.608564
0.597544
8.14085
0.612948
8.24399
8.1451
8.18117
0.599569
0.592108
0.598355
8.23807
0.597169
0.606157
0.618467
0.616389
8.18961
8.1841
0.604677
8.20725
0.59343
8.23921
0.602077
8.13768
0.617669
0.604084
0.598814
8.25729
8.22576
8.22475
8.19906
0.615376
8.25142
0.602143
0.623239
8.15447
0.591655
0.603466
0.626921
0.597103
8.21396
8.19841
0.619215
8.18957
8.25387
8.21214
0.601907
0.607681
8.2008
8.24899
0.616143
8.22971
0.595059
8.16755
8.23976
0.607604
8.13349
0.596324
8.21212
8.12271
8.23901
8.15204
0.622029
0.601284
8.24275
0.603927
0.593875
8.2373
0.607727
8.22929
0.597516
8.22227
0.594009
0.591781
8.23273
0.622891
0.597612
8.25977
8.21354
0.603139
0.606942
0.592459
8.2102
8.2335
0.605048
0.626612
0.600188
8.25447
8.15172
8.2013
8.2249
0.591547
8.17092
0.599039
8.1927
0.592794
0.594096
0.623003
8.15273
0.598143
0.598579
0.600686
0.616865
0.622609
0.617852
8.24233
8.13192
8.24477
8.17945
8.25328
0.597697
8.25175
8.18665
8.22176
0.623584
8.19127
8.24648
8.18204
0.598343
0.624217
8.1562
0.601541
0.610152
0.595346
0.623535
0.596317
0.59616
0.6007
0.592008
0.59695
8.23613
8.20215
0.624574
8.24833
8.24003
8.24626
0.592542
0.592906
8.25251
0.611482
0.598769
8.24674
0.626026
0.591778
8.21263
8.18691
8.24727
0.594293
8.22894
0.61486
8.24915
0.610427
8.23282
8.22646
0.597014
8.15515
0.593238
8.17566
0.621995
0.601007
0.63098
0.598232
8.13633
8.1276
0.597625
8.22266
0.61094
8.15037
8.24879
0.594243
8.23882
8.20391
0.59635
0.594941
0.606796
8.15376
0.598248
0.594717
0.610267
0.603362
0.59824
0.611656
8.23189
0.616273
8.19871
8.23588
0.601754
8.1867
8.23102
0.595079
0.608917
0.596794
8.24172
0.611434
0.599967
8.22362
8.22447
8.25869
0.602116
0.603449
0.597777
0.622826
8.19184
8.24606
0.60695
8.25695
8.2555
0.60872
0.608869
0.597759
0.604204
0.596278
8.13617
0.608269
8.24536
8.1867
0.591539
8.23454
8.24231
0.599576
0.594745
0.6001
0.599579
0.593257
0.617659
8.17453
8.22571
0.611101
8.2071
8.1505
0.593235
8.23465
8.17847
0.605427
0.591524
8.251
0.612217
8.23749
0.596941
0.595625
0.612498
8.26062
0.594655
8.15481
8.24334
8.24554
0.601241
0.606569
8.25741
0.625639
8.23835
0.607579
0.610148
8.2543
0.595156
8.23618
0.602828
8.20468
0.601644
0.595866
0.596983
0.594663
8.20383
8.25549
0.624193
0.595382
8.15894
0.616956
0.602555
8.2573
0.600937
0.628051
0.60736
0.608007
0.592969
8.172
0.611142
0.616398
0.594433
8.19855
8.23958
8.2362
8.18994
0.591404
0.600047
8.25767
0.60687
8.25671
8.24994
8.19124
8.23491
0.610618
8.18128
0.592328
8.25762
0.600619
0.609559
0.591476
8.22714
8.14898
0.603525
8.25748
8.17378
8.22531
8.25033
8.25454
8.19389
8.22553
8.2373
0.603951
0.595061
8.22068
8.19085
0.593922
0.597096
8.22391
0.614599
8.2607
0.602341
0.623748
8.21793
0.612082
8.2216
8.25603
8.19425
8.23232
0.609144
8.23074
8.24327
8.14595
8.2268
8.13862
0.595851
0.614115
0.594894
0.596005
8.1359
0.593346
0.592735
8.20984
8.20489
8.22689
8.19217
8.20785
0.592172
8.17548
8.20652
8.21635
8.22522
8.24368
8.19791
0.594632
8.21418
8.24678
8.17982
8.2529
0.613237
0.609111
0.614478
0.605114
0.607832
8.19517
8.15429
8.15567
8.24377
0.608324
8.24849
8.2442
8.17327
0.62187
0.602181
8.25653
8.24904
8.24487
0.610776
0.595156
0.613387
8.14646
0.607277
8.176
8.23123
0.598582
8.16795
0.594754
8.18194
0.599253
8.23673
8.23006
0.593636
0.616128
0.591692
0.603203
8.18494
0.592619
0.619392
0.628749
8.24622
8.2553
0.603598
8.24863
8.2188
8.2341
8.22455
0.599684
8.19938
0.592223
8.24023
8.20712
8.1999
0.602976
8.16419
0.599757
0.596868
8.24865
8.24207
0.591355
8.17538
0.601292
0.621222
0.591618
0.614861
0.59948
8.20252
8.16284
8.22337
0.625852
0.611399
0.607909
0.598793
0.619517
0.600067
0.604451
8.24878
0.626153
0.619906
0.62877
0.591621
8.14824
0.605888
8.16863
8.2278
8.19567
0.597979
0.59396
8.15899
8.21377
8.16726
8.23107
8.17572
8.16605
8.25406
0.598513
0.604484
0.606787
0.598062
8.16051
8.22912
8.21533
8.18762
8.24525
8.25697
0.598722
8.21206
0.614045
8.19969
0.611649
8.19864
8.22741
0.604743
0.592334
0.612771
8.13805
8.12698
8.23526
8.22717
0.610565
8.16477
8.23101
0.599618
8.18582
8.23712
0.627959
8.21808
0.593826
0.598003
8.22114
8.22585
8.16971
8.24286
0.607632
0.616174
8.21047
0.593764
0.594099
0.597279
8.26071
8.24085
0.59838
8.18079
0.597281
0.603461
0.607158
0.599844
8.25588
0.594075
8.22451
8.15635
0.61717
0.610645
0.608168
0.592893
0.601845
8.18885
8.24448
0.609831
8.25173
0.591298
8.24632
8.18376
8.1877
8.22618
8.21928
8.23068
0.59883
0.603441
0.606961
8.24927
0.607751
0.598698
0.600986
8.23784
8.24688
0.609822
0.611125
8.16588
0.615384
8.19508
8.24743
0.602523
8.20945
0.604356
8.25983
0.600712
8.15721
0.603762
8.25245
8.17862
0.591856
8.18963
0.60653
0.599399
8.24182
8.23663
0.613445
0.603148
8.25854
8.22059
8.24821
0.617788
8.14363
0.609214
0.591652
0.591227
0.599938
0.599948
8.20349
8.25219
8.15871
8.229
0.596398
0.596322
8.19523
8.25762
0.598349
8.13024
0.607543
0.614002
8.22574
8.20118
8.22075
0.595917
0.598871
8.22203
0.610268
0.593844
0.605193
0.620116
8.2393
0.625289
0.608601
8.17414
8.14602
8.22357
0.613206
0.605685
8.22971
8.20696
0.6143
8.23788
0.59433
0.599436
8.22866
8.23774
0.602029
8.1688
0.59141
0.593987
0.602257
8.24531
8.24447
0.602248
8.24103
0.609664
0.601843
8.25827
8.25987
0.611081
0.594221
0.597857
8.19399
0.595839
0.605943
8.19755
0.597226
8.25403
0.609288
8.24528
8.21198
8.1446
8.11878
8.23107
8.122
8.17689
0.594986
0.601492
8.22014
0.591808
0.601832
0.601586
0.609563
0.599235
0.608725
0.597089
0.607138
8.22519
8.22008
0.602818
0.599984
0.603988
8.25263
8.22449
0.597565
0.598793
8.19867
0.599765
0.598786
0.591805
0.59867
0.602587
8.25153
8.25571
0.59587
0.600619
8.14052
8.22273
0.602817
8.2488
0.593635
0.59596
0.607123
8.14225
8.24205
8.25126
0.600185
8.23577
0.62652
0.596851
8.18345
8.24843
8.22619
8.19361
8.24142
8.1592
8.22111
0.593459
0.624709
0.607088
8.24646
0.615097
0.601328
0.617846
0.591853
8.15402
0.603714
8.19572
8.13141
8.26037
8.23474
8.23539
8.2422
0.596126
0.619551
8.17377
0.591423
8.23819
0.599888
8.15975
8.25768
0.601473
0.610772
8.22083
0.601148
8.20759
8.22723
0.597843
8.19312
0.603049
8.23699
8.21137
8.23376
0.602614
8.23223
0.598026
8.16913
8.21994
8.25079
8.19898
8.25201
0.597307
8.25542
0.603956
0.600579
8.22541
8.23275
8.16093
8.23658
0.594834
0.608207
8.25891
0.600357
0.615883
0.615739
0.593725
0.606794
8.20029
0.613641
0.624029
8.21868
8.13543
8.20168
0.60902
0.594058
8.22353
8.24251
8.18442
0.609038
8.16901
0.607254
0.59759
0.613185
8.24858
8.19353
8.17659
8.16957
8.25611
0.617537
8.17713
8.21788
0.604708
8.23468
8.25141
8.13797
0.611078
8.1448
0.615624
8.15301
0.60288
8.22628
0.592641
8.24154
0.605568
8.17684
8.15021
0.610518
0.60738
8.19407
8.2402
8.24838
8.23174
0.607746
8.22408
0.592178
8.14322
8.2471
8.25728
0.612208
8.21539
0.598953
0.61344
8.23641
0.617374
8.13807
8.25739
8.25726
8.25142
8.20799
0.593868
8.25727
8.19358
0.623918
8.23906
0.59981
0.613937
0.629893
8.18413
0.619069
0.629246
0.613021
0.596138
0.613044
8.17994
0.604842
0.598215
0.5945
0.605443
0.591431
8.2597
8.25072
0.591667
0.603574
8.24942
8.24288
0.596385
0.619519
0.59634
8.22761
0.597311
8.18668
0.615347
8.19481
0.602486
8.25558
8.2329
8.16754
0.616812
0.605923
8.19213
0.602045
0.598044
0.592446
0.601193
8.18048
0.596485
8.14296
0.610862
8.16917
0.595011
0.601469
0.599425
0.616755
8.21305
8.16535
0.597557
8.13677
8.20015
0.594264
8.25389
8.20118
8.16424
8.2104
0.599467
0.603446
0.620684
0.609609
0.602162
8.21905
0.601695
0.608689
0.61032
0.602852
8.20968
0.599094
8.25001
8.20461
0.617986
0.605778
8.23054
8.20811
0.594882
8.21433
0.594004
8.15343
8.25729
0.615327
0.609239
8.23752
8.24862
8.2262
0.612495
8.12823
8.14887
0.621675
8.18788
8.17549
8.22394
0.591234
0.597154
8.20913
8.18062
8.23634
8.22845
8.14438
8.21416
8.18485
0.606733
0.593027
0.593051
0.599245
0.59637
8.19037
0.615377
8.15776
8.1944
8.2097
8.19958
8.21893
8.23376
8.22975
8.24377
8.14957
8.20681
0.621825
0.593545
8.19629
0.6251
0.616154
0.603271
8.17406
0.596966
8.23684
8.1393
8.19861
0.614848
8.18512
8.23447
8.24137
0.600657
8.14138
8.17438
8.19948
0.613955
0.605764
8.22764
8.19791
0.619636
8.22799
0.605399
8.2044
8.2288
0.596481
8.22492
0.60558
8.22485
0.601293
0.626252
8.23115
8.2574
0.611005
8.13294
0.591227
8.25215
8.17948
0.596003
0.593796
0.605303
8.21169
8.25181
8.24697
8.17619
0.605364
8.24797
8.22547
8.22199
0.601614
8.23652
8.23117
8.18107
0.606513
8.19938
8.19925
8.23996
8.163
0.616439
8.21771
0.617109
8.21048
8.23636
0.596353
8.16011
8.25854
8.15332
8.15883
8.20522
0.622704
8.18489
0.62831
8.20884
0.598715
8.2221
8.19786
0.603623
8.18262
8.25407
0.592807
8.12684
8.21607
0.603226
8.14971
8.2184
8.23248
0.600098
0.606753
8.21015
0.609847
8.19742
8.17562
8.20537
8.21342
8.22445
8.25452
8.2056
8.16156
8.13574
8.19579
8.20204
0.593455
8.164
8.25611
8.21666
8.13196
8.22904
0.602014
0.619095
8.2531
8.23872
8.19135
0.623354
0.596097
0.602147
0.595333
8.24191
0.616061
8.251
0.594524
0.603087
8.18237
0.603644
8.20102
0.591492
0.596036
8.17698
8.22596
0.605626
8.13898
8.2237
8.19172
0.591778
0.607781
0.602492
0.596425
0.60299
8.14445
8.23815
0.606608
0.605419
8.24642
8.18058
8.25704
8.22171
0.599384
8.24276
0.607203
0.613538
0.594498
8.21896
0.614329
0.598522
8.2161
0.592225
8.23821
0.602957
8.23069
8.24618
0.609329
8.2093
8.14177
8.18403
0.602969
0.596996
0.604386
8.18009
8.17195
0.606215
8.25051
8.18714
8.23031
0.605079
0.595321
0.6208
8.2242
0.602624
0.598196
0.613219
8.13803
0.613091
0.592316
8.17614
0.591952
8.17618
8.20195
8.24991
0.592495
0.600499
0.591383
8.23394
0.597166
0.614284
0.609519
0.604173
0.607287
0.595723
0.601703
8.24186
0.59769
8.22011
8.23433
0.621356
0.624848
0.601064
8.20931
8.2381
8.25472
8.16408
8.1869
0.603443
8.19343
8.22552
8.20675
8.21585
0.597975
0.612849
0.594457
0.605999
8.22814
0.591987
0.607874
8.25206
0.591531
8.16921
8.20655
0.595248
0.612788
0.594214
0.621345
0.613315
0.594348
0.604311
0.604201
0.596026
8.2517
8.19699
8.25947
0.605718
0.595748
0.59251
0.594265
0.606292
8.21401
0.615145
0.594382
8.2603
8.21951
8.16999
8.24591
0.616701
8.15974
0.593054
0.605415
8.25185
0.591675
0.597852
8.25391
0.596121
8.22191
0.599878
0.616928
0.616325
0.591893
0.593828
0.601818
0.604734
0.59303
0.627688
8.19905
0.599992
8.25375
0.614981
0.601522
0.607072
0.612089
8.20223
8.23166
0.595743
8.1817
8.14744
0.592595
8.20007
8.17884
0.591753
8.15297
8.14311
0.596307
0.603599
8.18344
0.615389
8.23263
0.602798
8.20624
8.25985
8.16162
8.15871
0.599471
0.625324
0.605198
0.616436
8.25911
0.598009
0.5933
0.621679
0.595365
0.59461
0.622864
8.17379
0.597349
0.601427
0.591438
8.22809
8.24225
8.22373
0.60439
0.594335
8.25995
8.24072
8.16411
0.591627
8.23333
0.62791
0.593359
8.23649
0.592693
8.21464
8.23433
8.26057
8.21927
0.620953
0.593725
8.18859
8.19358
0.604782
8.24704
8.19118
0.627688
8.23859
0.60577
0.605586
0.610166
0.599066
0.597185
0.621624
0.59253
8.25988
0.624304
8.19448
8.14757
0.599232
8.25152
8.23453
0.594034
8.23241
0.607509
0.607499
8.22943
8.25746
0.622199
0.616616
8.25776
0.607628
0.599718
0.613501
0.600001
8.25699
8.2365
8.2374
0.596841
8.18324
0.603558
8.15199
8.20552
0.600366
0.596599
8.24191
0.597861
8.14662
8.25071
0.613258
0.604949
8.18761
8.23591
8.23079
8.2142
0.618291
0.609458
8.21447
0.61795
0.604203
0.612763
0.593465
8.21259
8.21509
0.621967
0.597062
8.23379
8.22838
0.604432
0.602956
0.603486
0.609455
8.17552
0.60929
0.608014
0.611773
0.598002
0.594576
0.602658
0.600254
0.627876
8.25159
8.25083
8.20372
8.25919
8.2245
0.605299
8.23221
0.605867
8.14888
8.23903
0.594226
0.604515
0.598997
0.595424
0.602518
0.607695
0.601864
8.20622
8.22729
0.599313
0.626778
0.61887
0.598925
0.614123
8.2354
0.610993
8.25144
0.606552
0.59134
0.617423
0.612403
0.593177
0.600582
8.15733
0.601999
0.601479
8.19231
0.594292
8.25124
0.630327
8.18383
8.23192
0.604571
0.601486
8.23196
0.607283
8.23377
8.19529
8.21289
8.191
0.594072
0.61574
0.608354
8.20163
8.23824
0.597852
0.616976
8.24514
0.592621
8.20863
0.602041
8.16948
8.15973
0.599082
8.19918
8.12159
8.23955
0.59236
8.23126
8.2374
0.592082
0.592173
0.592541
8.24385
0.630373
8.25392
8.25231
0.594664
8.23517
8.15021
0.602671
0.613532
0.601013
0.607914
8.24927
8.14518
0.59511
8.239
8.20203
0.606439
0.597856
8.21262
0.610224
0.595602
8.13106
0.591292
0.604743
8.22647
8.19242
8.21423
0.610675
0.593818
0.613027
0.603717
8.21229
8.19218
0.610117
0.622177
0.602349
8.21971
0.609596
0.61781
8.19587
0.599613
8.24553
8.21211
0.614495
0.614522
0.599345
0.60752
8.22149
8.2427
0.593514
8.21537
0.604404
8.14745
0.616142
8.23879
8.22405
8.20491
8.22082
0.622669
8.23826
0.614661
8.24696
0.610767
8.21422
0.618218
8.24697
0.612172
0.594449
8.13426
0.596367
0.595851
8.21634
0.621654
8.16699
8.24348
8.2465
8.25605
0.604226
0.602853
8.21491
8.17526
8.1657
8.1813
8.2368
8.12799
0.592003
0.606008
0.60121
0.594474
0.600868
8.25916
8.22277
8.23354
8.13623
0.608936
0.610419
8.24107
0.595916
8.25037
0.611913
8.17258
0.59976
8.22171
8.24691
8.23414
8.23409
8.14638
8.20665
0.601681
8.25017
8.1381
8.24089
8.25053
0.595163
0.59705
0.608649
0.616816
8.24514
8.25692
0.601476
8.22987
8.24411
8.21499
0.601864
0.598657
8.25717
0.597106
8.19912
0.601387
0.595504
8.21947
0.592305
0.598089
8.22418
8.1895
8.19384
8.13937
0.607145
8.24895
0.594993
0.599951
0.607027
8.19779
0.591245
8.20792
8.17451
0.595335
0.604675
0.608542
8.23206
8.22758
8.16962
8.2336
8.24178
0.597211
8.19459
0.591955
0.604617
8.2157
8.25866
0.610726
8.22726
8.15458
8.14713
0.619618
0.59452
0.615212
8.17708
0.613338
0.594753
8.17277
0.594662
0.611649
8.24865
0.607048
0.606239
8.23647
8.21408
0.614897
8.2516
8.25164
0.625008
0.597667
8.25697
8.24523
0.627001
0.611099
0.604208
0.609482
0.600813
8.17427
8.14045
0.610958
8.22626
0.593439
0.59151
8.17994
8.15916
8.19634
8.17423
8.17474
8.18258
8.23974
8.24617
0.616268
0.602322
0.591442
8.23732
0.603568
0.614912
0.624561
0.611911
0.600954
0.605091
0.602311
8.19331
0.595682
8.23638
8.25369
8.23967
8.15263
8.24497
0.624606
8.25962
8.23033
0.59255
8.20072
0.596227
0.604563
0.609802
0.596492
8.17482
0.600535
8.16023
8.20715
0.601418
0.608568
8.21844
0.592998
8.16142
0.604662
0.601712
0.593136
0.620297
0.603524
0.593811
0.595462
8.24341
0.606516
8.21398
0.627109
8.15384
0.598136
8.21238
0.623623
0.592067
8.17918
0.59451
0.623521
8.23194
0.594875
8.17243
0.609115
0.594963
8.25449
8.16209
0.613649
0.620273
8.16781
0.618596
0.606841
0.61356
0.600451
0.608699
0.606898
0.600913
0.617822
8.22282
8.25931
0.595535
8.16081
8.20344
8.2126
0.591982
8.19707
0.595016
8.25596
0.603944
0.598154
0.609199
8.24743
8.21129
0.610098
8.18207
0.605876
8.15135
0.591361
0.610761
0.594773
8.17582
0.591484
0.602342
0.609914
0.605547
0.61755
0.608968
8.24935
0.599882
0.622738
8.18809
0.596546
8.17447
8.17223
8.22131
0.620336
8.13914
0.602943
0.601432
8.1881
8.20402
0.603426
8.1852
8.24424
0.616883
0.609699
8.17103
8.2233
8.20576
8.2137
0.615402
0.627547
8.21019
8.19772
0.604322
8.16438
8.24588
8.22164
0.596218
8.25856
0.598711
8.25058
8.17961
0.592296
0.621011
8.20646
0.606181
8.22699
8.24245
8.2141
8.1722
8.2173
0.605739
8.23756
8.17555
8.22998
8.19807
0.598001
0.613087
0.617189
8.24892
0.604049
0.592102
8.1411
0.605344
8.18661
8.25621
8.18441
0.594869
0.60155
8.22614
0.591799
0.617807
8.16811
8.18518
0.596033
0.625443
8.21915
0.592723
0.602075
0.617933
8.20495
8.24121
0.59452
0.606666
8.16928
0.603781
8.21824
8.20445
0.603388
0.617384
8.2106
0.592596
0.614598
0.616311
0.599222
0.593625
0.602388
0.605883
0.600629
8.24464
0.602986
8.19372
0.612187
0.619818
8.24068
8.25228
8.16759
8.24224
8.19943
8.21909
8.2315
8.23168
8.26045
8.2102
0.605847
0.59879
8.20868
0.598697
0.623323
8.24571
8.25416
0.61186
0.60192
0.591613
8.19179
8.18978
0.62513
0.618063
0.594987
8.2586
0.618819
0.603871
8.20162
8.19991
8.17728
0.599688
0.594353
0.607818
8.23747
0.607707
0.613281
0.610438
8.24952
8.16284
0.617603
0.60663
8.16784
0.59999
8.23028
8.22432
0.628695
8.1792
8.19528
8.1279
8.22889
0.599214
8.15083
8.13836
0.594747
0.598813
0.601663
0.602062
8.2121
0.624303
0.610691
0.593019
0.61177
0.621533
0.59523
0.594298
0.597889
8.13276
8.2437
0.621281
0.601676
8.13943
8.14393
0.606627
8.25413
0.594877
0.612355
0.599018
0.603523
0.596695
8.25062
8.14786
0.595195
0.622707
8.14572
0.594943
8.23691
0.591197
0.607691
0.597645
0.61234
0.610305
8.2147
0.608179
8.12167
8.20914
0.625571
0.594997
8.20477
8.25527
8.22602
0.621305
8.19029
0.61337
8.22675
0.601729
0.606415
8.22515
0.594721
8.20301
8.18728
0.619068
8.20118
8.25842
8.19929
8.16791
0.596894
0.59805
0.597917
8.24348
8.14958
8.20208
0.61488
0.607721
0.609315
0.601853
8.19046
8.22778
8.21367
0.60774
0.607157
8.21925
8.15803
0.615415
8.15602
0.592994
0.628121
8.22548
8.20681
8.25548
0.610105
0.629218
8.23467
0.60435
8.20253
0.593777
0.6063
0.627127
8.25853
8.20267
0.602445
8.22463
0.61635
8.18448
0.60408
8.21017
0.603525
8.23788
0.599273
0.599813
8.16002
8.19231
8.23947
0.608339
8.17518
0.61593
8.2587
0.593802
8.24149
8.19125
0.615491
0.597198
8.19129
0.593676
8.20082
8.17045
0.603445
0.593653
8.20316
8.20151
8.14658
8.20009
8.24737
8.22918
0.625232
0.598523
8.21513
8.18975
8.20207
8.23108
8.22594
8.2553
0.604928
0.60581
8.18977
8.22826
8.25852
8.24499
8.17817
8.22551
8.19331
0.595164
8.22498
8.16119
0.613095
8.2189
0.60924
8.2045
8.19556
0.598493
8.24578
8.23077
0.602888
0.621986
8.18565
8.19961
8.15977
8.22052
8.25591
8.17188
8.22371
0.613357
8.17261
0.598572
8.23115
8.24405
8.1833
0.593281
8.22354
8.20291
8.25493
0.593104
8.22778
0.621599
0.593367
8.20041
8.25486
8.17055
0.610032
0.59538
0.601974
0.604191
8.21515
8.16268
0.60079
0.591556
8.26008
8.17179
8.26034
0.593352
0.612654
0.600711
0.597618
0.60435
0.606326
8.15261
8.22237
0.625334
8.18951
8.25731
0.607924
0.59212
8.19338
8.15796
0.611493
8.23162
0.60107
0.629396
8.25407
0.596671
8.23554
0.606037
8.24917
0.62347
8.24048
0.601768
0.605713
8.25854
0.605984
8.13991
0.596084
8.19043
8.19015
8.15872
0.594393
0.605853
8.24821
0.593228
0.624286
8.25686
0.594165
0.593873
8.20075
8.16489
8.24951
8.25816
8.23288
8.19599
0.602126
8.20834
0.600678
0.61175
0.593259
0.618697
8.22779
0.613606
8.17198
8.14566
8.19707
0.605093
8.16763
0.593499
8.22741
8.25799
0.601475
8.2289
8.24024
0.619639
8.21405
0.603855
0.602471
0.598356
0.606148
0.615505
8.25242
0.608575
8.16595
8.24703
0.600619
0.613628
8.22933
8.25226
0.60503
0.603132
8.15633
0.610571
0.613002
8.20022
8.24052
8.24077
8.24725
0.597606
8.1973
0.619235
0.5925
0.600194
0.604775
0.592164
8.2037
0.598593
8.22475
0.612332
0.606309
8.18822
0.610825
8.21472
0.606872
8.13125
0.598546
8.25575
8.22573
8.17362
0.598958
8.22842
8.14862
8.23039
8.1799
0.622558
0.593861
8.19937
8.19573
8.19922
8.20802
8.18169
8.13904
8.25611
0.596135
0.59213
8.25161
0.612432
8.23869
0.610614
0.600862
0.597499
0.624594
8.24092
8.25011
0.603579
0.604604
8.26015
0.608999
8.25296
0.607817
8.19126
8.21951
8.19087
8.24749
8.21986
0.597235
8.25382
8.21515
0.595498
0.619646
0.606999
0.617898
0.604782
8.23606
0.606466
0.593606
0.618202
0.595421
8.23567
8.24171
0.594173
8.18144
8.25779
0.595988
0.615519
8.14947
8.2592
8.22783
0.596891
0.601055
0.591302
0.597538
0.600993
8.25434
0.60136
8.25657
8.16762
0.60564
0.620705
0.596886
8.244
8.19433
8.22521
8.24613
8.1702
8.23491
0.628152
8.22494
0.615113
8.1858
8.23048
8.18435
0.600827
8.24127
0.59518
8.13633
0.61118
8.2176
8.22254
0.594023
8.21309
8.23597
8.21418
8.20823
8.20682
8.19012
0.604393
0.608225
0.606631
0.605881
0.610501
8.2386
8.22328
0.61315
0.610514
0.613923
8.22191
8.24358
0.627976
0.602279
8.21462
0.596523
0.608112
8.14689
8.24549
8.24994
0.617405
0.595365
0.621994
8.2522
8.23507
0.598522
8.23253
8.25245
8.19231
0.596269
8.13529
8.16425
0.592189
8.24957
8.25495
8.22251
0.595762
0.596171
0.601593
8.24936
8.24014
0.600438
0.594984
0.612815
8.22544
8.1998
8.23997
0.615011
8.24279
8.24386
0.617863
0.59155
0.593701
0.605617
0.607522
0.60668
8.19657
8.25157
8.2221
0.604526
0.611134
0.616247
8.21171
8.20038
8.215
0.612274
8.25468
8.24435
8.17754
8.13628
8.15666
0.591356
0.60014
8.23648
8.24991
0.591392
0.609617
0.606873
0.610076
0.613905
0.598947
8.24901
0.59177
8.22339
0.601811
8.25071
8.25205
8.23954
0.59679
8.15437
8.19848
8.15271
8.19157
8.1962
0.595558
0.597597
0.592492
0.6034
0.596993
0.620522
8.21623
0.60222
0.612547
0.593534
8.24758
0.613908
0.625164
8.21222
0.603762
8.18288
8.24489
0.623435
8.17683
8.21373
0.61032
8.1744
8.25661
8.16677
0.594775
8.25499
8.15108
0.608947
8.25124
0.628046
0.603978
0.593759
8.22252
8.23925
8.19399
0.5929
0.602455
0.602745
0.620506
8.24774
8.16027
8.19965
8.2461
0.611641
8.2044
0.603453
8.24571
0.593794
0.601117
0.597226
8.17369
0.600868
8.20016
8.22711
0.611773
0.619963
8.22606
0.601385
0.612441
8.2483
8.22388
0.626871
0.596683
8.2082
0.60829
0.613059
0.603498
8.20727
8.21457
0.606483
0.609143
8.23485
0.612384
8.23114
0.593122
0.601859
0.600159
8.25285
8.24128
8.21544
8.22051
0.628641
0.595329
8.15227
0.602561
8.15051
0.619265
8.19815
0.592525
0.615891
8.13696
8.25783
8.16868
0.606123
8.21336
8.21532
8.21679
0.605936
0.610567
0.62059
0.625859
0.593098
0.596906
0.600261
0.613231
8.22356
8.25133
8.20284
0.609622
0.614868
0.604842
8.20976
0.596635
0.592415
0.614512
0.628966
8.13484
8.24122
8.21532
8.25797
0.598194
0.592032
0.599707
8.25062
8.23731
0.620101
0.59275
0.609074
8.12323
8.20424
8.24773
0.592988
0.59778
0.597976
8.23127
8.20824
8.23402
0.61172
8.1437
0.606157
0.609292
0.591773
8.2474
8.14844
8.2599
8.20798
0.616615
0.600892
8.25557
8.22681
8.16593
0.609072
8.25425
8.24708
8.22312
8.20655
0.595425
0.597763
8.25514
0.610701
8.22844
0.609461
8.21365
0.593999
0.612371
0.595459
0.593914
0.602233
8.25818
8.21399
0.628788
0.594258
0.594277
8.21283
8.21217
8.14351
0.595302
0.593044
0.599415
8.19444
0.612319
8.21991
0.598725
8.22258
8.17499
0.594066
0.627093
0.591481
0.614174
8.18116
0.615441
0.600292
8.21097
0.610922
0.623432
8.21986
0.595218
0.59555
8.19356
0.595401
8.22616
0.605134
0.601802
8.24671
0.599973
0.599665
0.623891
8.16606
8.21698
8.21705
0.602718
8.15745
0.595723
8.19681
8.22172
8.22083
0.597408
0.595848
0.622577
8.25856
8.20934
8.19519
8.1742
0.595164
8.20847
8.22347
0.609871
0.591373
8.23587
0.607613
8.1373
0.600475
0.593952
0.620726
0.606408
0.616385
8.21763
8.21097
0.626273
8.23316
8.25458
8.20473
8.1657
8.17666
0.59635
8.13517
0.592721
8.25624
8.2415
8.21385
8.18469
0.591661
0.594906
0.591557
8.23569
8.23434
0.600588
0.604959
8.13729
0.607461
8.24607
0.623912
8.16331
0.593075
0.59334
0.613271
0.592355
0.597277
8.25581
8.2424
0.600237
0.591724
0.599177
0.601491
8.22778
0.593367
0.614436
8.24326
0.592893
0.596067
0.592217
0.596656
0.616193
8.14265
8.21593
0.60241
0.62044
0.608069
8.20253
8.20642
8.20012
0.608513
8.24016
8.2479
0.596468
8.25984
0.612202
8.21543
0.614918
0.603673
0.605592
0.60691
8.24334
8.2163
0.603366
0.592773
0.596416
0.611952
8.18371
0.593938
8.18759
8.25874
8.21651
8.1938
0.603859
8.20299
8.22934
8.14943
0.609199
8.22806
8.25735
0.616219
8.14618
0.591594
0.608971
0.619742
0.595865
0.608333
8.18467
8.24066
0.591535
0.631848
0.600617
0.592557
8.12784
0.59761
8.23408
0.628384
8.23778
8.23434
8.16766
8.16853
0.607903
8.21018
8.1828
8.25155
0.597576
8.2113
8.21078
0.603598
0.607194
0.605817
8.16281
8.22401
8.22083
8.25889
8.1653
0.592288
0.602143
0.59602
0.591654
0.59254
8.24382
0.626968
0.591865
8.24705
8.20418
8.25977
8.21885
0.604751
0.592748
8.25345
0.602262
0.596683
8.22075
8.14782
8.26035
0.603075
8.20584
8.21854
0.608393
8.24364
8.17799
8.25878
8.20893
0.617671
8.16347
8.22689
8.17411
0.602483
8.22777
0.605331
8.16855
8.18367
8.24557
8.16884
8.2086
8.16426
8.20479
0.625821
0.613073
8.15783
0.607324
0.59704
0.59534
0.614565
0.592935
8.17319
0.594752
0.628018
8.23684
0.602662
0.597607
0.600649
0.604077
0.602242
8.22509
0.604153
8.16626
8.22127
0.598915
0.618764
0.606767
8.23624
8.24555
0.617398
0.607155
8.20275
0.60486
0.614109
0.601755
0.611539
8.23563
8.16759
8.24638
8.25407
8.25326
8.21934
0.631354
8.23018
0.610346
0.61881
0.592354
0.611465
8.23783
8.24002
0.598993
8.19633
8.15559
0.619565
0.613304
8.1495
8.22329
8.205
0.613972
0.60187
8.26021
0.59455
0.616457
8.16137
8.20362
0.595184
8.17001
8.25488
8.21753
8.25242
0.596348
8.21049
0.626468
0.608913
0.602703
0.618296
8.26035
8.19111
8.23977
8.15482
0.592468
8.19639
8.24179
0.611797
8.2309
0.594833
8.20943
8.1539
8.21546
0.593748
8.25406
8.15451
0.59367
0.59342
8.24491
0.597048
0.598317
0.601584
8.19691
0.608827
8.23804
8.13018
8.19057
8.2025
8.24096
8.22813
8.21052
8.25228
0.594505
0.611648
8.21857
8.24637
0.597993
0.61017
8.21916
8.18285
0.61063
8.19078
8.25778
0.615446
0.625672
0.61601
8.174
0.599348
8.19438
0.621298
0.602841
0.617116
0.602339
8.24528
0.593824
8.23412
0.592727
0.615204
8.17362
8.18127
0.619065
8.18766
0.608428
0.600053
8.17816
8.2602
0.607601
8.17322
0.602663
8.17831
0.591406
0.623759
8.25872
8.23575
8.18632
0.60298
8.25614
8.2583
0.598138
8.20745
8.21536
0.609585
0.598023
8.18739
8.23204
0.595687
0.597215
8.15946
8.21543
0.622025
0.610257
0.59788
8.18472
8.133
8.18004
0.611612
8.14968
0.600218
0.614518
8.21253
8.21373
8.16006
0.593227
0.593206
0.62016
8.16954
0.607561
0.604652
8.1713
8.20793
0.592299
0.59557
8.24427
0.601856
0.622735
8.20965
8.13439
0.608077
0.611517
8.16982
8.23823
8.25503
8.2556
0.601497
0.62375
8.24764
0.5963
0.592441
0.595158
0.607047
0.60805
8.24412
8.17141
8.21479
0.610958
0.599726
8.24951
0.602531
0.597164
8.24506
8.17481
0.598154
8.14919
0.59546
0.599447
8.23972
0.600566
0.591585
8.15058
8.20863
8.24439
8.23919
8.18819
0.608317
8.17252
8.22286
0.610324
0.598111
0.595155
0.592404
8.24845
0.604363
0.611491
0.597491
8.24886
0.597536
0.59954
8.2077
8.15065
8.22508
0.6023
8.25543
0.612077
8.24489
0.607374
0.595384
0.59287
0.606569
8.22922
0.600125
8.1905
0.607022
0.598046
0.622672
0.619729
8.22465
8.23016
8.24073
0.598141
0.595386
0.594128
8.23016
0.591709
0.604969
8.24888
8.22356
0.606195
0.615341
8.18998
0.603859
0.625765
8.24034
0.603452
0.600727
0.60416
8.22744
0.600498
8.17699
8.17993
0.596354
0.604653
0.612403
8.1722
0.615695
8.22643
8.22153
8.15221
8.25437
8.20014
0.610978
0.606086
8.21069
8.2007
0.615403
0.611718
0.59279
0.595926
8.24441
0.597314
8.18673
0.593851
8.22622
0.605079
8.15793
0.594062
8.25354
0.601587
8.14252
8.17635
0.592961
0.595946
0.605465
0.593454
8.25281
8.16588
8.20515
8.22149
0.591213
8.22243
8.22009
0.592185
8.25907
8.23558
0.59144
0.609639
0.606245
0.591693
8.20044
0.620493
0.60577
0.608355
0.607305
0.616927
8.1975
0.594249
0.604953
0.598959
8.13883
0.598436
8.17758
0.593742
8.16464
0.592203
8.24913
8.18013
8.18586
0.594974
0.593565
8.25759
0.60034
8.20058
8.2195
8.22933
0.613403
0.598077
0.591444
0.592894
8.22693
0.595962
8.17074
0.604653
0.593557
8.21634
0.604503
8.24302
0.59251
0.594804
8.19107
8.17249
0.599075
0.594271
8.25961
8.21015
0.595686
0.620516
8.20554
8.25837
0.593248
0.60267
0.594785
8.24691
8.25403
0.614005
0.593577
8.22317
0.60299
0.595606
0.599253
0.619827
0.60558
8.19302
8.20823
0.600882
8.1503
8.16755
0.599824
8.24015
0.611255
8.24717
0.591523
0.595419
0.598617
0.603691
8.1681
8.20237
8.18103
8.22783
0.62225
8.23421
0.628208
8.21616
0.601947
8.24032
0.592006
0.619564
8.21537
0.591386
0.60452
0.607001
8.23767
0.611053
8.24912
0.611843
8.23798
0.594605
8.17245
8.25913
8.25002
0.591504
0.605509
0.596827
0.596436
0.591577
0.607886
8.2572
0.614163
8.25456
8.21949
8.25606
8.19335
8.21494
0.59439
8.16373
0.595527
8.14635
0.595846
0.600504
8.19413
8.24616
8.1242
8.22988
0.608886
8.23805
0.599378
0.601611
0.594534
8.21515
0.591351
8.21697
0.599493
8.21969
8.19317
0.601454
0.597509
0.61651
8.17535
8.24857
8.19074
0.608545
0.623191
8.25018
8.20389
0.60284
8.19779
8.23075
8.25625
8.12935
0.616455
8.25602
8.22824
8.25434
8.24715
8.24887
0.597608
0.621699
8.20922
0.620764
8.2527
0.624392
8.21486
0.612545
8.15684
0.617147
0.606606
8.23866
0.601611
0.60946
0.602644
8.13558
8.22708
0.622855
0.595021
0.593092
0.596744
8.2605
8.16776
0.622962
0.611341
0.627162
0.625769
8.18096
8.26029
8.25192
0.600228
0.594326
8.23991
0.607628
0.595797
0.593499
0.61227
0.593795
8.20171
8.21644
0.598809
8.25325
8.19604
8.20427
8.24388
0.609255
8.2352
8.22656
0.61887
0.613356
0.605049
8.22583
8.19161
0.625355
0.603994
8.13877
8.24333
0.61406
8.23628
0.591578
8.21298
8.25837
0.605162
8.19577
0.59733
0.596963
0.612491
0.618978
0.599917
0.61951
8.16497
0.607389
8.22141
8.25061
8.2338
8.21534
0.601973
8.203
8.14222
8.20469
0.610153
8.18605
8.21993
0.604813
0.591661
0.612976
0.594287
0.601275
0.60336
0.594047
8.25671
0.604113
8.22583
8.20188
0.607038
0.597628
0.610648
0.609059
0.601777
0.613136
0.608901
8.19977
0.616827
8.23102
0.608244
8.20159
8.16887
0.601603
0.62484
0.607425
8.193
8.21185
0.610434
0.605156
0.601322
0.615012
8.2411
8.25557
0.595766
8.17664
8.2423
8.21459
0.613318
8.22082
0.604648
8.16248
8.20716
0.595463
0.620547
0.613076
8.17418
8.16908
0.59183
8.1675
8.22586
0.62353
0.608349
0.603316
8.22927
0.6049
8.24251
8.25614
0.604829
8.16478
8.23582
8.25491
8.16247
0.614097
0.598041
8.21877
8.2343
8.15329
0.626713
8.20122
8.19228
8.17756
8.18545
8.2057
0.625749
8.15135
0.601087
0.591992
0.608024
0.609702
0.612134
8.21436
0.601519
0.625302
0.609769
8.20352
8.24408
0.60424
8.16867
0.60324
8.25811
8.22458
8.24623
0.591295
8.23543
8.23428
8.19468
8.19737
8.17469
0.62818
8.18485
8.25757
0.600964
8.15165
0.610713
0.605521
8.19174
0.603415
0.598156
8.16425
8.17578
8.24728
8.25752
8.17102
0.591676
